-56.452962 -47.393728 3.289199
-4.660000 21.070000 29.770000
-37.267652 6.311987 47.789819
-4.574468 -85.354610 10.134752
-24.254072 -1.517915 -29.726384
-37.223154 -36.582215 -25.417785
-37.027027 -74.962838 29.641892
-51.318940 -24.107949 -26.985280
-5.688406 -48.355072 14.202899
-28.227877 -90.660497 -4.558704
-26.880773 33.606874 -9.832438
-14.486957 -65.917391 -7.686957
-6.363964 42.954955 -9.329730
-58.849117 -28.030498 -13.351525
-24.971429 -27.126531 -19.681633
-5.975186 -31.846154 55.210918
-47.875887 14.329787 19.191489
-44.334365 44.371517 -5.789474
-47.355509 33.476091 8.806653
-11.321212 -83.260606 2.557576
-45.828960 -25.205053 40.145773
-4.475162 -21.732181 38.557235
-39.298478 -12.761085 43.268034
-7.311703 -59.891078 34.876014
-6.388889 41.277778 6.666667
-32.459607 46.144105 22.784934
-12.408883 26.502644 45.622136
-19.158658 -68.188577 43.031732
-53.927143 -8.060000 -5.931429
-53.149826 -42.524390 29.421603
-7.025641 66.512821 -5.794872
-31.911864 15.755932 -35.213559
-46.042105 -19.873684 6.084211
-37.967251 1.368421 2.500585
56.197309 -38.035874 -1.067265
6.096386 26.032129 28.337349
39.596522 10.455652 45.899130
7.501887 -76.543396 12.037736
20.974138 -1.732759 -30.724138
36.463625 -28.811344 -27.691739
45.593420 -67.909518 21.190364
45.290859 -11.106187 -36.723915
9.133080 -46.228137 13.954373
30.245659 -83.400643 -6.556913
23.199174 38.427245 -11.356037
15.733333 -64.031373 -8.466667
4.498258 43.735192 -8.714286
56.867601 -23.755452 -20.012461
26.554348 -23.913043 -22.304348
8.562900 -27.100213 53.432836
49.315136 17.171216 13.702233
44.213400 40.674938 -6.292804
47.803607 36.597194 13.975952
16.750000 -75.210938 0.578125
45.871795 -24.384615 37.246548
6.800000 -18.310000 37.685000
41.817088 -10.002407 40.949458
11.266138 -58.545866 29.236693
4.934579 40.887850 7.570093
33.589716 47.161926 20.679431
14.911819 26.193194 46.461032
23.544177 -65.700803 42.975904
54.021413 -2.098501 -9.982869
54.549634 -33.109718 27.256008
8.203125 69.234375 -1.531250
30.690196 18.611765 -32.941176
47.781250 -17.406250 1.906250
38.681818 3.863636 -0.794258
